#          k/h    CDM            baryon         photon         nu             mass_nu        total          no_nu          total_de       Weyl           v_CDM          v_b            v_b-v_c     
   0.104976E-04   0.197876E+08   0.197876E+08   0.263697E+08   0.263694E+08   0.197898E+08   0.197876E+08   0.197876E+08   0.197943E+08  -0.473119E+00   0.104471E+08   0.104471E+08   0.517239E+01
   0.115914E-04   0.197876E+08   0.197876E+08   0.263666E+08   0.263663E+08   0.197898E+08   0.197876E+08   0.197876E+08   0.197943E+08  -0.473119E+00   0.104471E+08   0.104471E+08   0.571114E+01
   0.127992E-04   0.197876E+08   0.197876E+08   0.263629E+08   0.263625E+08   0.197898E+08   0.197876E+08   0.197876E+08   0.197943E+08  -0.473119E+00   0.104471E+08   0.104471E+08   0.630597E+01
   0.141329E-04   0.197876E+08   0.197876E+08   0.263584E+08   0.263579E+08   0.197897E+08   0.197876E+08   0.197876E+08   0.197943E+08  -0.473119E+00   0.104471E+08   0.104471E+08   0.696268E+01
   0.156055E-04   0.197876E+08   0.197876E+08   0.263529E+08   0.263522E+08   0.197897E+08   0.197876E+08   0.197876E+08   0.197942E+08  -0.473118E+00   0.104471E+08   0.104471E+08   0.768771E+01
   0.172315E-04   0.197876E+08   0.197876E+08   0.263462E+08   0.263454E+08   0.197897E+08   0.197876E+08   0.197876E+08   0.197942E+08  -0.473118E+00   0.104471E+08   0.104471E+08   0.848811E+01
   0.190270E-04   0.197876E+08   0.197876E+08   0.263380E+08   0.263370E+08   0.197897E+08   0.197876E+08   0.197876E+08   0.197942E+08  -0.473118E+00   0.104471E+08   0.104471E+08   0.937170E+01
   0.210095E-04   0.197875E+08   0.197875E+08   0.263280E+08   0.263269E+08   0.197896E+08   0.197875E+08   0.197875E+08   0.197942E+08  -0.473117E+00   0.104471E+08   0.104471E+08   0.103471E+02
   0.231986E-04   0.197875E+08   0.197875E+08   0.263159E+08   0.263145E+08   0.197896E+08   0.197875E+08   0.197875E+08   0.197942E+08  -0.473116E+00   0.104471E+08   0.104471E+08   0.114237E+02
   0.256159E-04   0.197875E+08   0.197875E+08   0.263011E+08   0.262993E+08   0.197895E+08   0.197875E+08   0.197875E+08   0.197941E+08  -0.473116E+00   0.104471E+08   0.104471E+08   0.126119E+02
   0.282850E-04   0.197875E+08   0.197874E+08   0.262831E+08   0.262809E+08   0.197894E+08   0.197875E+08   0.197875E+08   0.197941E+08  -0.473115E+00   0.104471E+08   0.104471E+08   0.139232E+02
   0.312322E-04   0.197874E+08   0.197874E+08   0.262611E+08   0.262585E+08   0.197893E+08   0.197874E+08   0.197874E+08   0.197940E+08  -0.473113E+00   0.104470E+08   0.104470E+08   0.153703E+02
   0.344865E-04   0.197874E+08   0.197874E+08   0.262343E+08   0.262311E+08   0.197892E+08   0.197874E+08   0.197874E+08   0.197940E+08  -0.473112E+00   0.104470E+08   0.104470E+08   0.169668E+02
   0.380798E-04   0.197873E+08   0.197873E+08   0.262017E+08   0.261978E+08   0.197890E+08   0.197873E+08   0.197873E+08   0.197939E+08  -0.473110E+00   0.104470E+08   0.104470E+08   0.187279E+02
   0.420477E-04   0.197872E+08   0.197872E+08   0.261620E+08   0.261573E+08   0.197888E+08   0.197872E+08   0.197872E+08   0.197938E+08  -0.473108E+00   0.104469E+08   0.104469E+08   0.206701E+02
   0.464289E-04   0.197871E+08   0.197871E+08   0.261137E+08   0.261079E+08   0.197886E+08   0.197871E+08   0.197871E+08   0.197937E+08  -0.473105E+00   0.104469E+08   0.104469E+08   0.228116E+02
   0.512666E-04   0.197870E+08   0.197870E+08   0.260548E+08   0.260478E+08   0.197883E+08   0.197870E+08   0.197870E+08   0.197936E+08  -0.473102E+00   0.104468E+08   0.104468E+08   0.251721E+02
   0.566085E-04   0.197869E+08   0.197869E+08   0.259833E+08   0.259747E+08   0.197880E+08   0.197869E+08   0.197869E+08   0.197935E+08  -0.473098E+00   0.104468E+08   0.104468E+08   0.277727E+02
   0.625069E-04   0.197867E+08   0.197867E+08   0.258963E+08   0.258859E+08   0.197876E+08   0.197867E+08   0.197867E+08   0.197933E+08  -0.473093E+00   0.104467E+08   0.104467E+08   0.306367E+02
   0.690199E-04   0.197865E+08   0.197865E+08   0.257906E+08   0.257779E+08   0.197871E+08   0.197865E+08   0.197865E+08   0.197931E+08  -0.473087E+00   0.104466E+08   0.104466E+08   0.337888E+02
   0.762116E-04   0.197863E+08   0.197863E+08   0.256622E+08   0.256468E+08   0.197865E+08   0.197863E+08   0.197863E+08   0.197928E+08  -0.473080E+00   0.104464E+08   0.104464E+08   0.372556E+02
   0.841526E-04   0.197860E+08   0.197860E+08   0.255065E+08   0.254879E+08   0.197858E+08   0.197860E+08   0.197860E+08   0.197924E+08  -0.473071E+00   0.104463E+08   0.104463E+08   0.410651E+02
   0.929210E-04   0.197857E+08   0.197856E+08   0.253179E+08   0.252952E+08   0.197849E+08   0.197857E+08   0.197857E+08   0.197920E+08  -0.473061E+00   0.104461E+08   0.104461E+08   0.452467E+02
   0.102603E-03   0.197852E+08   0.197852E+08   0.250896E+08   0.250622E+08   0.197838E+08   0.197852E+08   0.197852E+08   0.197915E+08  -0.473048E+00   0.104459E+08   0.104458E+08   0.498308E+02
   0.113294E-03   0.197847E+08   0.197847E+08   0.248138E+08   0.247807E+08   0.197825E+08   0.197847E+08   0.197847E+08   0.197909E+08  -0.473032E+00   0.104456E+08   0.104456E+08   0.548480E+02
   0.125099E-03   0.197841E+08   0.197840E+08   0.244814E+08   0.244414E+08   0.197808E+08   0.197840E+08   0.197841E+08   0.197902E+08  -0.473013E+00   0.104452E+08   0.104452E+08   0.603284E+02
   0.138134E-03   0.197833E+08   0.197832E+08   0.240816E+08   0.240335E+08   0.197789E+08   0.197833E+08   0.197833E+08   0.197893E+08  -0.472990E+00   0.104448E+08   0.104448E+08   0.663006E+02
   0.152527E-03   0.197823E+08   0.197822E+08   0.236023E+08   0.235446E+08   0.197765E+08   0.197823E+08   0.197823E+08   0.197882E+08  -0.472961E+00   0.104443E+08   0.104443E+08   0.727894E+02
   0.168420E-03   0.197812E+08   0.197811E+08   0.230299E+08   0.229609E+08   0.197736E+08   0.197811E+08   0.197812E+08   0.197869E+08  -0.472927E+00   0.104437E+08   0.104436E+08   0.798138E+02
   0.185969E-03   0.197798E+08   0.197796E+08   0.223494E+08   0.222671E+08   0.197700E+08   0.197797E+08   0.197798E+08   0.197854E+08  -0.472886E+00   0.104429E+08   0.104429E+08   0.873841E+02
   0.205346E-03   0.197781E+08   0.197779E+08   0.215448E+08   0.214474E+08   0.197657E+08   0.197780E+08   0.197780E+08   0.197834E+08  -0.472835E+00   0.104420E+08   0.104419E+08   0.954976E+02
   0.226742E-03   0.197760E+08   0.197758E+08   0.206003E+08   0.204856E+08   0.197604E+08   0.197759E+08   0.197760E+08   0.197811E+08  -0.472775E+00   0.104409E+08   0.104408E+08   0.104134E+03
   0.250368E-03   0.197735E+08   0.197733E+08   0.195007E+08   0.193667E+08   0.197540E+08   0.197734E+08   0.197735E+08   0.197783E+08  -0.472701E+00   0.104395E+08   0.104394E+08   0.113248E+03
   0.276456E-03   0.197705E+08   0.197702E+08   0.182342E+08   0.180792E+08   0.197462E+08   0.197703E+08   0.197704E+08   0.197749E+08  -0.472613E+00   0.104379E+08   0.104378E+08   0.122764E+03
   0.305262E-03   0.197668E+08   0.197664E+08   0.167943E+08   0.166170E+08   0.197368E+08   0.197666E+08   0.197667E+08   0.197708E+08  -0.472507E+00   0.104359E+08   0.104358E+08   0.132565E+03
   0.337069E-03   0.197624E+08   0.197619E+08   0.151834E+08   0.149837E+08   0.197254E+08   0.197621E+08   0.197623E+08   0.197659E+08  -0.472380E+00   0.104335E+08   0.104334E+08   0.142487E+03
   0.372191E-03   0.197570E+08   0.197565E+08   0.134173E+08   0.131964E+08   0.197115E+08   0.197567E+08   0.197569E+08   0.197601E+08  -0.472229E+00   0.104306E+08   0.104305E+08   0.152308E+03
   0.410972E-03   0.197506E+08   0.197500E+08   0.115295E+08   0.112907E+08   0.196947E+08   0.197502E+08   0.197505E+08   0.197531E+08  -0.472049E+00   0.104272E+08   0.104270E+08   0.161743E+03
   0.453794E-03   0.197428E+08   0.197421E+08   0.957526E+07   0.932438E+07   0.196744E+08   0.197424E+08   0.197427E+08   0.197448E+08  -0.471836E+00   0.104230E+08   0.104227E+08   0.170441E+03
   0.501078E-03   0.197336E+08   0.197327E+08   0.763322E+07   0.737917E+07   0.196499E+08   0.197331E+08   0.197334E+08   0.197350E+08  -0.471585E+00   0.104180E+08   0.104177E+08   0.177998E+03
   0.553288E-03   0.197225E+08   0.197216E+08   0.580262E+07   0.555719E+07   0.196205E+08   0.197219E+08   0.197224E+08   0.197234E+08  -0.471291E+00   0.104120E+08   0.104117E+08   0.183968E+03
   0.610939E-03   0.197094E+08   0.197083E+08   0.419262E+07   0.396970E+07   0.195850E+08   0.197087E+08   0.197092E+08   0.197097E+08  -0.470947E+00   0.104049E+08   0.104046E+08   0.187906E+03
   0.674597E-03   0.196939E+08   0.196926E+08   0.290204E+07   0.271575E+07   0.195426E+08   0.196930E+08   0.196937E+08   0.196937E+08  -0.470547E+00   0.103966E+08   0.103962E+08   0.189412E+03
   0.744888E-03   0.196755E+08   0.196741E+08   0.199031E+07   0.185193E+07   0.194918E+08   0.196745E+08   0.196753E+08   0.196750E+08  -0.470082E+00   0.103867E+08   0.103862E+08   0.188202E+03
   0.822503E-03   0.196540E+08   0.196524E+08   0.144740E+07   0.136174E+07   0.194313E+08   0.196527E+08   0.196537E+08   0.196531E+08  -0.469545E+00   0.103751E+08   0.103746E+08   0.184165E+03
   0.908205E-03   0.196287E+08   0.196270E+08   0.117929E+07   0.114176E+07   0.193594E+08   0.196272E+08   0.196285E+08   0.196275E+08  -0.468923E+00   0.103615E+08   0.103610E+08   0.177406E+03
   0.100284E-02   0.195993E+08   0.195974E+08   0.103052E+07   0.102701E+07   0.192743E+08   0.195975E+08   0.195990E+08   0.195978E+08  -0.468204E+00   0.103457E+08   0.103452E+08   0.168242E+03
   0.110733E-02   0.195650E+08   0.195630E+08   0.854328E+06   0.865481E+06   0.191740E+08   0.195630E+08   0.195647E+08   0.195632E+08  -0.467372E+00   0.103274E+08   0.103269E+08   0.157148E+03
   0.122271E-02   0.195253E+08   0.195232E+08   0.602349E+06   0.611320E+06   0.190562E+08   0.195229E+08   0.195250E+08   0.195230E+08  -0.466409E+00   0.103062E+08   0.103057E+08   0.144675E+03
   0.135011E-02   0.194794E+08   0.194772E+08   0.356622E+06   0.355669E+06   0.189189E+08   0.194766E+08   0.194791E+08   0.194767E+08  -0.465297E+00   0.102817E+08   0.102812E+08   0.131399E+03
   0.149079E-02   0.194265E+08   0.194243E+08   0.233201E+06   0.223757E+06   0.187603E+08   0.194231E+08   0.194262E+08   0.194232E+08  -0.464016E+00   0.102535E+08   0.102530E+08   0.117935E+03
   0.164613E-02   0.193656E+08   0.193634E+08   0.221741E+06  -0.172296E+06   0.185784E+08   0.193617E+08   0.193653E+08   0.193618E+08  -0.462545E+00   0.102211E+08   0.102206E+08   0.104973E+03
   0.181765E-02   0.192959E+08   0.192936E+08   0.185969E+06  -0.140796E+06   0.183714E+08   0.192913E+08   0.192955E+08   0.192914E+08  -0.460861E+00   0.101839E+08   0.101834E+08   0.931884E+02
   0.200704E-02   0.192161E+08   0.192138E+08   0.898708E+05  -0.114996E+06   0.181382E+08   0.192109E+08   0.192157E+08   0.192109E+08  -0.458937E+00   0.101415E+08   0.101410E+08   0.830204E+02
   0.221617E-02   0.191252E+08   0.191229E+08   0.524852E+05  -0.938688E+05   0.178777E+08   0.191192E+08   0.191249E+08   0.191192E+08  -0.456746E+00   0.100932E+08   0.100927E+08   0.745293E+02
   0.244709E-02   0.190221E+08   0.190196E+08   0.595321E+05  -0.765739E+05   0.175895E+08   0.190152E+08   0.190217E+08   0.190152E+08  -0.454261E+00   0.100383E+08   0.100378E+08   0.674812E+02
   0.270207E-02   0.189054E+08   0.189028E+08   0.240444E+05  -0.624198E+05   0.172736E+08   0.188976E+08   0.189050E+08   0.188976E+08  -0.451450E+00   0.997634E+07   0.997585E+07   0.614276E+02
   0.298361E-02   0.187739E+08   0.187711E+08   0.246272E+05  -0.508409E+05   0.169297E+08   0.187652E+08   0.187735E+08   0.187652E+08  -0.448284E+00   0.990652E+07   0.990602E+07   0.558321E+02
   0.329450E-02   0.186263E+08   0.186233E+08   0.103165E+05  -0.413728E+05   0.165576E+08   0.186165E+08   0.186259E+08   0.186165E+08  -0.444733E+00   0.982818E+07   0.982768E+07   0.504203E+02
   0.363777E-02   0.184614E+08   0.184581E+08   0.453831E+04  -0.336348E+05   0.161564E+08   0.184505E+08   0.184609E+08   0.184505E+08  -0.440766E+00   0.974066E+07   0.974016E+07   0.452772E+02
   0.401682E-02   0.182777E+08   0.182742E+08  -0.308937E+04  -0.273144E+05   0.157250E+08   0.182656E+08   0.182771E+08   0.182656E+08  -0.436349E+00   0.964324E+07   0.964275E+07   0.406965E+02
   0.443536E-02   0.180740E+08   0.180701E+08   0.213362E+03  -0.221553E+05   0.152619E+08   0.180607E+08   0.180734E+08   0.180607E+08  -0.431453E+00   0.953523E+07   0.953474E+07   0.367838E+02
   0.489751E-02   0.178489E+08   0.178446E+08  -0.198913E+04  -0.179473E+05   0.147678E+08   0.178343E+08   0.178482E+08   0.178343E+08  -0.426046E+00   0.941593E+07   0.941544E+07   0.332993E+02
   0.540781E-02   0.176012E+08   0.175964E+08  -0.268876E+04  -0.145177E+05   0.142428E+08   0.175853E+08   0.176004E+08   0.175853E+08  -0.420095E+00   0.928466E+07   0.928417E+07   0.300225E+02
   0.597129E-02   0.173294E+08   0.173240E+08  -0.194923E+04  -0.117252E+05   0.136861E+08   0.173121E+08   0.173286E+08   0.173121E+08  -0.413570E+00   0.914070E+07   0.914021E+07   0.270679E+02
   0.659348E-02   0.170327E+08   0.170265E+08  -0.241592E+04  -0.945389E+04   0.130667E+08   0.170138E+08   0.170317E+08   0.170138E+08  -0.406444E+00   0.898348E+07   0.898300E+07   0.245088E+02
   0.728050E-02   0.167087E+08   0.167017E+08  -0.211656E+04  -0.760795E+04   0.124333E+08   0.166883E+08   0.167076E+08   0.166883E+08  -0.398668E+00   0.881190E+07   0.881142E+07   0.221745E+02
   0.803911E-02   0.163563E+08   0.163482E+08  -0.204062E+04  -0.610961E+04   0.117732E+08   0.163344E+08   0.163550E+08   0.163344E+08  -0.390212E+00   0.862532E+07   0.862484E+07   0.200869E+02
   0.887676E-02   0.159746E+08   0.159653E+08  -0.235853E+04  -0.489518E+04   0.110955E+08   0.159512E+08   0.159731E+08   0.159512E+08  -0.381057E+00   0.842328E+07   0.842279E+07   0.182448E+02
   0.980169E-02   0.155623E+08   0.155515E+08  -0.122262E+04  -0.391229E+04   0.104012E+08   0.155373E+08   0.155606E+08   0.155373E+08  -0.371171E+00   0.820509E+07   0.820460E+07   0.165872E+02
   0.108230E-01   0.151179E+08   0.151054E+08  -0.159135E+04  -0.311800E+04   0.968974E+07   0.150915E+08   0.151160E+08   0.150915E+08  -0.360521E+00   0.796999E+07   0.796950E+07   0.151387E+02
   0.119507E-01   0.146403E+08   0.146258E+08  -0.136471E+04  -0.247723E+04   0.896679E+07   0.146124E+08   0.146380E+08   0.146124E+08  -0.349076E+00   0.771735E+07   0.771686E+07   0.138371E+02
   0.131959E-01   0.141283E+08   0.141115E+08  -0.982164E+03  -0.196131E+04   0.824013E+07   0.140991E+08   0.141257E+08   0.140991E+08  -0.336814E+00   0.744662E+07   0.744611E+07   0.126946E+02
   0.145709E-01   0.135810E+08   0.135616E+08  -0.965407E+03  -0.154680E+04   0.751634E+07   0.135507E+08   0.135780E+08   0.135507E+08  -0.323712E+00   0.715730E+07   0.715679E+07   0.116781E+02
   0.160892E-01   0.129980E+08   0.129755E+08  -0.874899E+03  -0.121459E+04   0.679795E+07   0.129665E+08   0.129945E+08   0.129665E+08  -0.309758E+00   0.684914E+07   0.684862E+07   0.107741E+02
   0.177656E-01   0.123792E+08   0.123535E+08  -0.534388E+03  -0.949072E+03   0.609437E+07   0.123469E+08   0.123752E+08   0.123469E+08  -0.294954E+00   0.652218E+07   0.652165E+07   0.995819E+01
   0.196167E-01   0.117258E+08   0.116965E+08  -0.503228E+03  -0.737571E+03   0.541119E+07   0.116928E+08   0.117212E+08   0.116928E+08  -0.279329E+00   0.617700E+07   0.617646E+07   0.921370E+01
   0.216607E-01   0.110403E+08   0.110072E+08  -0.354136E+03  -0.569764E+03   0.475548E+07   0.110068E+08   0.110351E+08   0.110068E+08  -0.262941E+00   0.581494E+07   0.581439E+07   0.851955E+01
   0.239177E-01   0.103271E+08   0.102903E+08  -0.303189E+03  -0.437267E+03   0.413405E+07   0.102934E+08   0.103213E+08   0.102934E+08  -0.245900E+00   0.543840E+07   0.543783E+07   0.785133E+01
   0.264099E-01   0.959352E+07   0.955318E+07  -0.235301E+03  -0.333269E+03   0.355377E+07   0.956000E+07   0.958719E+07   0.956000E+07  -0.228378E+00   0.505118E+07   0.505062E+07   0.719016E+01
   0.291617E-01   0.885002E+07   0.880671E+07  -0.151659E+03  -0.252236E+03   0.302035E+07   0.881697E+07   0.884322E+07   0.881697E+07  -0.210628E+00   0.465887E+07   0.465830E+07   0.651509E+01
   0.322002E-01   0.811073E+07   0.806539E+07  -0.158157E+03  -0.189656E+03   0.253900E+07   0.807852E+07   0.810360E+07   0.807852E+07  -0.192988E+00   0.426892E+07   0.426836E+07   0.581045E+01
   0.355554E-01   0.739313E+07   0.734715E+07  -0.938848E+02  -0.141834E+03   0.211356E+07   0.736215E+07   0.738591E+07   0.736215E+07  -0.175874E+00   0.389058E+07   0.389004E+07   0.506771E+01
   0.392602E-01   0.671678E+07   0.667195E+07  -0.713737E+02  -0.105721E+03   0.174594E+07   0.668736E+07   0.670974E+07   0.668736E+07  -0.159754E+00   0.353417E+07   0.353367E+07   0.428940E+01
   0.433510E-01   0.610045E+07   0.605881E+07  -0.800321E+02  -0.787813E+02   0.143560E+07   0.607291E+07   0.609391E+07   0.607291E+07  -0.145076E+00   0.320961E+07   0.320916E+07   0.349287E+01
   0.476861E-01   0.557559E+07   0.553892E+07  -0.583717E+02  -0.595293E+02   0.118761E+07   0.555007E+07   0.556983E+07   0.555007E+07  -0.132585E+00   0.293342E+07   0.293302E+07   0.274167E+01
   0.520211E-01   0.516211E+07   0.513123E+07  -0.454287E+02  -0.463294E+02   0.100051E+07   0.513852E+07   0.515726E+07   0.513852E+07  -0.122754E+00   0.271600E+07   0.271568E+07   0.210671E+01
   0.563562E-01   0.482585E+07   0.480073E+07  -0.362006E+02  -0.369181E+02   0.855137E+06   0.480403E+07   0.482190E+07   0.480403E+07  -0.114763E+00   0.253929E+07   0.253902E+07   0.159937E+01
   0.606913E-01   0.454073E+07   0.452065E+07  -0.293798E+02  -0.299620E+02   0.738764E+06   0.452045E+07   0.453757E+07   0.452045E+07  -0.107989E+00   0.238947E+07   0.238925E+07   0.122062E+01
   0.650264E-01   0.428717E+07   0.427092E+07  -0.241712E+02  -0.246500E+02   0.642887E+06   0.426820E+07   0.428462E+07   0.426820E+07  -0.101963E+00   0.225619E+07   0.225600E+07   0.960715E+00
   0.693615E-01   0.404894E+07   0.403511E+07  -0.200686E+02  -0.204661E+02   0.561570E+06   0.403106E+07   0.404677E+07   0.403106E+07  -0.962978E-01   0.213089E+07   0.213072E+07   0.800958E+00
   0.736966E-01   0.381408E+07   0.380128E+07  -0.167489E+02  -0.170806E+02   0.490829E+06   0.379710E+07   0.381207E+07   0.379710E+07  -0.907087E-01   0.200726E+07   0.200710E+07   0.717142E+00
   0.780317E-01   0.357894E+07   0.356604E+07  -0.140204E+02  -0.142980E+02   0.428593E+06   0.356273E+07   0.357692E+07   0.356273E+07  -0.851098E-01   0.188340E+07   0.188324E+07   0.683636E+00
   0.823668E-01   0.334662E+07   0.333286E+07  -0.117675E+02  -0.120004E+02   0.373953E+06   0.333107E+07   0.334446E+07   0.333107E+07  -0.795759E-01   0.176097E+07   0.176081E+07   0.676555E+00
   0.867019E-01   0.312351E+07   0.310860E+07  -0.991255E+01  -0.101087E+02   0.326485E+06   0.310858E+07   0.312117E+07   0.310858E+07  -0.742606E-01   0.164338E+07   0.164320E+07   0.676164E+00
   0.910370E-01   0.291581E+07   0.289986E+07  -0.839332E+01  -0.855942E+01   0.285765E+06   0.290146E+07   0.291331E+07   0.290146E+07  -0.693129E-01   0.153391E+07   0.153373E+07   0.668336E+00
   0.964252E-01   0.268633E+07   0.266970E+07  -0.689292E+01  -0.702930E+01   0.243760E+06   0.267272E+07   0.268372E+07   0.267272E+07  -0.638484E-01   0.141301E+07   0.141282E+07   0.636789E+00
   0.101813E+00   0.249436E+07   0.247804E+07  -0.574123E+01  -0.585481E+01   0.210228E+06   0.248152E+07   0.249180E+07   0.248152E+07  -0.592808E-01   0.131195E+07   0.131177E+07   0.578769E+00
   0.107202E+00   0.234137E+07   0.232630E+07  -0.486152E+01  -0.495769E+01   0.183821E+06   0.232929E+07   0.233900E+07   0.232929E+07  -0.556442E-01   0.123148E+07   0.123132E+07   0.501295E+00
   0.112590E+00   0.222194E+07   0.220878E+07  -0.418320E+01  -0.426594E+01   0.162938E+06   0.221060E+07   0.221987E+07   0.221060E+07  -0.528089E-01   0.116874E+07   0.116860E+07   0.416580E+00
   0.117978E+00   0.212536E+07   0.211435E+07  -0.364489E+01  -0.371698E+01   0.145935E+06   0.211472E+07   0.212363E+07   0.211472E+07  -0.505184E-01   0.111806E+07   0.111794E+07   0.337315E+00
   0.123366E+00   0.203982E+07   0.203075E+07  -0.319985E+01  -0.326313E+01   0.131442E+06   0.202980E+07   0.203840E+07   0.202980E+07  -0.484899E-01   0.107317E+07   0.107307E+07   0.273183E+00
   0.128754E+00   0.195591E+07   0.194823E+07  -0.281719E+01  -0.287290E+01   0.118525E+06   0.194643E+07   0.195471E+07   0.194643E+07  -0.464982E-01   0.102910E+07   0.102901E+07   0.228996E+00
   0.134143E+00   0.186827E+07   0.186130E+07  -0.247934E+01  -0.252837E+01   0.106671E+06   0.185924E+07   0.186717E+07   0.185924E+07  -0.444153E-01   0.983010E+06   0.982928E+06   0.204479E+00
   0.139531E+00   0.177573E+07   0.176884E+07  -0.217814E+01  -0.222121E+01   0.956984E+05   0.176708E+07   0.177465E+07   0.176708E+07  -0.422137E-01   0.934292E+06   0.934210E+06   0.195352E+00
   0.144919E+00   0.168032E+07   0.167308E+07  -0.191069E+01  -0.194847E+01   0.856191E+05   0.167200E+07   0.167918E+07   0.167200E+07  -0.399423E-01   0.884027E+06   0.883942E+06   0.195171E+00
   0.150307E+00   0.158584E+07   0.157807E+07  -0.167625E+01  -0.170939E+01   0.765209E+05   0.157783E+07   0.158462E+07   0.157783E+07  -0.376926E-01   0.834243E+06   0.834154E+06   0.197301E+00
   0.155695E+00   0.149696E+07   0.148876E+07  -0.147464E+01  -0.150379E+01   0.685071E+05   0.148924E+07   0.149567E+07   0.148924E+07  -0.355764E-01   0.787412E+06   0.787320E+06   0.196541E+00
   0.161084E+00   0.141813E+07   0.140977E+07  -0.130507E+01  -0.133087E+01   0.616425E+05   0.141071E+07   0.141682E+07   0.141071E+07  -0.337004E-01   0.745896E+06   0.745804E+06   0.190026E+00
   0.166472E+00   0.135191E+07   0.134374E+07  -0.116492E+01  -0.118794E+01   0.558927E+05   0.134479E+07   0.135062E+07   0.134479E+07  -0.321256E-01   0.711043E+06   0.710955E+06   0.177346E+00
   0.171860E+00   0.129783E+07   0.129019E+07  -0.104935E+01  -0.107009E+01   0.511032E+05   0.129101E+07   0.129663E+07   0.129101E+07  -0.308409E-01   0.682612E+06   0.682530E+06   0.160028E+00
   0.177248E+00   0.125313E+07   0.124624E+07  -0.952631E+00  -0.971459E+00   0.470539E+05   0.124662E+07   0.125205E+07   0.124662E+07  -0.297804E-01   0.659143E+06   0.659068E+06   0.140713E+00
   0.182636E+00   0.121439E+07   0.120830E+07  -0.869595E+00  -0.886782E+00   0.435346E+05   0.120816E+07   0.121344E+07   0.120816E+07  -0.288618E-01   0.638811E+06   0.638744E+06   0.122240E+00
   0.188025E+00   0.117829E+07   0.117290E+07  -0.796146E+00  -0.811881E+00   0.403715E+05   0.117232E+07   0.117744E+07   0.117232E+07  -0.280054E-01   0.619858E+06   0.619798E+06   0.106873E+00
   0.193413E+00   0.114190E+07   0.113702E+07  -0.729220E+00  -0.743632E+00   0.374322E+05   0.113616E+07   0.114114E+07   0.113616E+07  -0.271417E-01   0.600743E+06   0.600687E+06   0.958253E-01
   0.198801E+00   0.110334E+07   0.109873E+07  -0.666947E+00  -0.680128E+00   0.346368E+05   0.109781E+07   0.110262E+07   0.109781E+07  -0.262254E-01   0.580465E+06   0.580412E+06   0.891573E-01
   0.204189E+00   0.106236E+07   0.105780E+07  -0.608734E+00  -0.620764E+00   0.319672E+05   0.105700E+07   0.106164E+07   0.105700E+07  -0.252506E-01   0.558890E+06   0.558838E+06   0.859938E-01
   0.209577E+00   0.102010E+07   0.101544E+07  -0.554847E+00  -0.565812E+00   0.294490E+05   0.101491E+07   0.101937E+07   0.101491E+07  -0.242451E-01   0.536638E+06   0.536584E+06   0.849184E-01
   0.214965E+00   0.978358E+06   0.973545E+06  -0.505787E+00  -0.515782E+00   0.271198E+05   0.973318E+06   0.977602E+06   0.973318E+06  -0.232515E-01   0.514648E+06   0.514593E+06   0.844134E-01
   0.220354E+00   0.938869E+06   0.933938E+06  -0.461915E+00  -0.471043E+00   0.250102E+05   0.933979E+06   0.938094E+06   0.933979E+06  -0.223118E-01   0.493849E+06   0.493794E+06   0.832385E-01
   0.225742E+00   0.903035E+06   0.898084E+06  -0.423324E+00  -0.431689E+00   0.231362E+05   0.898295E+06   0.902257E+06   0.898295E+06  -0.214593E-01   0.474982E+06   0.474927E+06   0.806678E-01
   0.231130E+00   0.871602E+06   0.866758E+06  -0.389764E+00  -0.397466E+00   0.214943E+05   0.867013E+06   0.870841E+06   0.867013E+06  -0.207120E-01   0.458442E+06   0.458389E+06   0.765543E-01
   0.236518E+00   0.844492E+06   0.839870E+06  -0.360641E+00  -0.367767E+00   0.200608E+05   0.840053E+06   0.843766E+06   0.840053E+06  -0.200680E-01   0.444188E+06   0.444137E+06   0.712391E-01
   0.241906E+00   0.820933E+06   0.816610E+06  -0.335151E+00  -0.341773E+00   0.187983E+05   0.816641E+06   0.820254E+06   0.816641E+06  -0.195087E-01   0.431809E+06   0.431762E+06   0.653623E-01
   0.247295E+00   0.799764E+06   0.795761E+06  -0.312451E+00  -0.318624E+00   0.176657E+05   0.795613E+06   0.799135E+06   0.795613E+06  -0.190064E-01   0.420691E+06   0.420647E+06   0.596396E-01
   0.252683E+00   0.779696E+06   0.775983E+06  -0.291772E+00  -0.297537E+00   0.166239E+05   0.775676E+06   0.779112E+06   0.775676E+06  -0.185301E-01   0.410149E+06   0.410108E+06   0.546651E-01
   0.258071E+00   0.759598E+06   0.756108E+06  -0.272515E+00  -0.277900E+00   0.156421E+05   0.755699E+06   0.759049E+06   0.755699E+06  -0.180528E-01   0.399587E+06   0.399547E+06   0.507852E-01
   0.263459E+00   0.738827E+06   0.735476E+06  -0.254338E+00  -0.259363E+00   0.147033E+05   0.735040E+06   0.738301E+06   0.735040E+06  -0.175593E-01   0.388663E+06   0.388626E+06   0.480617E-01
   0.268847E+00   0.717358E+06   0.714067E+06  -0.237149E+00  -0.241835E+00   0.138043E+05   0.713672E+06   0.716841E+06   0.713672E+06  -0.170489E-01   0.377366E+06   0.377329E+06   0.463101E-01
   0.274236E+00   0.695592E+06   0.692306E+06  -0.221005E+00  -0.225372E+00   0.129502E+05   0.692001E+06   0.695076E+06   0.692001E+06  -0.165312E-01   0.365908E+06   0.365870E+06   0.451870E-01
   0.279624E+00   0.674084E+06   0.670779E+06  -0.205995E+00  -0.210065E+00   0.121483E+05   0.670584E+06   0.673565E+06   0.670584E+06  -0.160195E-01   0.354584E+06   0.354547E+06   0.442995E-01
   0.285012E+00   0.653411E+06   0.650094E+06  -0.192197E+00  -0.195994E+00   0.114049E+05   0.649999E+06   0.652890E+06   0.649999E+06  -0.155278E-01   0.343699E+06   0.343662E+06   0.433082E-01
   0.290400E+00   0.634102E+06   0.630805E+06  -0.179659E+00  -0.183208E+00   0.107249E+05   0.630777E+06   0.633584E+06   0.630777E+06  -0.150686E-01   0.333536E+06   0.333499E+06   0.419977E-01
   0.295788E+00   0.616507E+06   0.613272E+06  -0.168369E+00  -0.171695E+00   0.101093E+05   0.613268E+06   0.615999E+06   0.613268E+06  -0.146503E-01   0.324278E+06   0.324243E+06   0.403021E-01
   0.301177E+00   0.600654E+06   0.597520E+06  -0.158224E+00  -0.161350E+00   0.955362E+04   0.597500E+06   0.600162E+06   0.597500E+06  -0.142736E-01   0.315941E+06   0.315906E+06   0.382877E-01
   0.306565E+00   0.586259E+06   0.583255E+06  -0.149055E+00  -0.151999E+00   0.904892E+04   0.583188E+06   0.585787E+06   0.583188E+06  -0.139317E-01   0.308373E+06   0.308340E+06   0.361086E-01
   0.311953E+00   0.572886E+06   0.570021E+06  -0.140670E+00  -0.143449E+00   0.858492E+04   0.569894E+06   0.572436E+06   0.569894E+06  -0.136142E-01   0.301344E+06   0.301313E+06   0.339520E-01
   0.317341E+00   0.560103E+06   0.557371E+06  -0.132904E+00  -0.135529E+00   0.815239E+04   0.557188E+06   0.559674E+06   0.557188E+06  -0.133106E-01   0.294626E+06   0.294595E+06   0.319857E-01
   0.322729E+00   0.547556E+06   0.544934E+06  -0.125627E+00  -0.128108E+00   0.774415E+04   0.544713E+06   0.547144E+06   0.544713E+06  -0.130126E-01   0.288030E+06   0.288000E+06   0.303196E-01
   0.328118E+00   0.534997E+06   0.532456E+06  -0.118749E+00  -0.121095E+00   0.735529E+04   0.532221E+06   0.534598E+06   0.532221E+06  -0.127142E-01   0.281425E+06   0.281396E+06   0.289880E-01
   0.333506E+00   0.522325E+06   0.519838E+06  -0.112221E+00  -0.114438E+00   0.698330E+04   0.519614E+06   0.521935E+06   0.519614E+06  -0.124130E-01   0.274758E+06   0.274730E+06   0.279551E-01
   0.338894E+00   0.509613E+06   0.507157E+06  -0.106036E+00  -0.108130E+00   0.662820E+04   0.506962E+06   0.509227E+06   0.506962E+06  -0.121108E-01   0.268069E+06   0.268041E+06   0.271361E-01
   0.344282E+00   0.497065E+06   0.494629E+06  -0.100212E+00  -0.102192E+00   0.629165E+04   0.494472E+06   0.496682E+06   0.494472E+06  -0.118124E-01   0.261465E+06   0.261437E+06   0.264263E-01
   0.349670E+00   0.484921E+06   0.482504E+06  -0.947739E-01  -0.966461E-01   0.597553E+04   0.482384E+06   0.484541E+06   0.482384E+06  -0.115236E-01   0.255073E+06   0.255046E+06   0.257289E-01
   0.355059E+00   0.473364E+06   0.470974E+06  -0.897285E-01  -0.915010E-01   0.568082E+04   0.470882E+06   0.472989E+06   0.470882E+06  -0.112489E-01   0.248992E+06   0.248965E+06   0.249747E-01
   0.360447E+00   0.462488E+06   0.460139E+06  -0.850657E-01  -0.867461E-01   0.540726E+04   0.460061E+06   0.462119E+06   0.460061E+06  -0.109904E-01   0.243270E+06   0.243243E+06   0.241327E-01
   0.365835E+00   0.452307E+06   0.450012E+06  -0.807610E-01  -0.823564E-01   0.515372E+04   0.449933E+06   0.451947E+06   0.449933E+06  -0.107484E-01   0.237914E+06   0.237889E+06   0.232103E-01
   0.371223E+00   0.442769E+06   0.440538E+06  -0.767805E-01  -0.782972E-01   0.491834E+04   0.440447E+06   0.442419E+06   0.440447E+06  -0.105218E-01   0.232899E+06   0.232874E+06   0.222433E-01
   0.376611E+00   0.433762E+06   0.431599E+06  -0.730824E-01  -0.745261E-01   0.469877E+04   0.431490E+06   0.433422E+06   0.431490E+06  -0.103078E-01   0.228162E+06   0.228138E+06   0.212811E-01
   0.382000E+00   0.425128E+06   0.423032E+06  -0.696222E-01  -0.709975E-01   0.449243E+04   0.422904E+06   0.424798E+06   0.422904E+06  -0.101027E-01   0.223622E+06   0.223599E+06   0.203715E-01
   0.387388E+00   0.416713E+06   0.414678E+06  -0.663597E-01  -0.676705E-01   0.429692E+04   0.414536E+06   0.416393E+06   0.414536E+06  -0.990282E-02   0.219198E+06   0.219175E+06   0.195494E-01
   0.392776E+00   0.408410E+06   0.406426E+06  -0.632659E-01  -0.645156E-01   0.411059E+04   0.406278E+06   0.408099E+06   0.406278E+06  -0.970555E-02   0.214831E+06   0.214809E+06   0.188302E-01
   0.398164E+00   0.400181E+06   0.398237E+06  -0.603250E-01  -0.615166E-01   0.393254E+04   0.398091E+06   0.399876E+06   0.398091E+06  -0.950998E-02   0.210502E+06   0.210481E+06   0.182100E-01
   0.403552E+00   0.392042E+06   0.390130E+06  -0.575305E-01  -0.586669E-01   0.376252E+04   0.389993E+06   0.391741E+06   0.389993E+06  -0.931651E-02   0.206220E+06   0.206199E+06   0.176693E-01
   0.408940E+00   0.384041E+06   0.382155E+06  -0.548812E-01  -0.559652E-01   0.360058E+04   0.382031E+06   0.383745E+06   0.382031E+06  -0.912633E-02   0.202011E+06   0.201989E+06   0.171801E-01
   0.414329E+00   0.376239E+06   0.374378E+06  -0.523768E-01  -0.534114E-01   0.344685E+04   0.374267E+06   0.375946E+06   0.374267E+06  -0.894086E-02   0.197905E+06   0.197885E+06   0.167137E-01
   0.419717E+00   0.368694E+06   0.366859E+06  -0.500171E-01  -0.510051E-01   0.330145E+04   0.366760E+06   0.368406E+06   0.366760E+06  -0.876151E-02   0.193936E+06   0.193915E+06   0.162472E-01
   0.425105E+00   0.361455E+06   0.359649E+06  -0.478000E-01  -0.487442E-01   0.316434E+04   0.359558E+06   0.361171E+06   0.359558E+06  -0.858945E-02   0.190127E+06   0.190107E+06   0.157681E-01
   0.430493E+00   0.354546E+06   0.352773E+06  -0.457202E-01  -0.466233E-01   0.303530E+04   0.352685E+06   0.354268E+06   0.352685E+06  -0.842526E-02   0.186493E+06   0.186473E+06   0.152744E-01
   0.435881E+00   0.347953E+06   0.346217E+06  -0.437677E-01  -0.446323E-01   0.291379E+04   0.346126E+06   0.347680E+06   0.346126E+06  -0.826859E-02   0.183025E+06   0.183006E+06   0.147727E-01
   0.441270E+00   0.341629E+06   0.339931E+06  -0.419295E-01  -0.427577E-01   0.279901E+04   0.339836E+06   0.341362E+06   0.339836E+06  -0.811833E-02   0.179699E+06   0.179680E+06   0.142750E-01
   0.446658E+00   0.335520E+06   0.333860E+06  -0.401924E-01  -0.409863E-01   0.269018E+04   0.333760E+06   0.335259E+06   0.333760E+06  -0.797318E-02   0.176486E+06   0.176468E+06   0.137946E-01
   0.452046E+00   0.329583E+06   0.327960E+06  -0.385458E-01  -0.393072E-01   0.258667E+04   0.327855E+06   0.329328E+06   0.327855E+06  -0.783211E-02   0.173364E+06   0.173346E+06   0.133426E-01
   0.457434E+00   0.323783E+06   0.322193E+06  -0.369809E-01  -0.377114E-01   0.248795E+04   0.322086E+06   0.323533E+06   0.322086E+06  -0.769430E-02   0.170313E+06   0.170296E+06   0.129254E-01
   0.462822E+00   0.318090E+06   0.316530E+06  -0.354899E-01  -0.361909E-01   0.239355E+04   0.316424E+06   0.317845E+06   0.316424E+06  -0.755903E-02   0.167319E+06   0.167302E+06   0.125437E-01
   0.468211E+00   0.312489E+06   0.310955E+06  -0.340672E-01  -0.347401E-01   0.230316E+04   0.310851E+06   0.312248E+06   0.310851E+06  -0.742591E-02   0.164373E+06   0.164356E+06   0.121934E-01
   0.473599E+00   0.306988E+06   0.305478E+06  -0.327103E-01  -0.333564E-01   0.221666E+04   0.305378E+06   0.306751E+06   0.305378E+06  -0.729517E-02   0.161479E+06   0.161462E+06   0.118672E-01
   0.478987E+00   0.301613E+06   0.300125E+06  -0.314187E-01  -0.320393E-01   0.213406E+04   0.300031E+06   0.301379E+06   0.300031E+06  -0.716742E-02   0.158651E+06   0.158635E+06   0.115570E-01
   0.484375E+00   0.296387E+06   0.294920E+06  -0.301912E-01  -0.307876E-01   0.205532E+04   0.294831E+06   0.296157E+06   0.294831E+06  -0.704320E-02   0.155902E+06   0.155885E+06   0.112555E-01
   0.489763E+00   0.291320E+06   0.289875E+06  -0.290257E-01  -0.295991E-01   0.198035E+04   0.289790E+06   0.291093E+06   0.289790E+06  -0.692277E-02   0.153236E+06   0.153220E+06   0.109576E-01
   0.495152E+00   0.286414E+06   0.284992E+06  -0.279193E-01  -0.284707E-01   0.190899E+04   0.284909E+06   0.286190E+06   0.284909E+06  -0.680617E-02   0.150655E+06   0.150639E+06   0.106611E-01
   0.500540E+00   0.281668E+06   0.280270E+06  -0.268688E-01  -0.273995E-01   0.184105E+04   0.280188E+06   0.281448E+06   0.280188E+06  -0.669340E-02   0.148159E+06   0.148144E+06   0.103665E-01
   0.505928E+00   0.277077E+06   0.275704E+06  -0.258710E-01  -0.263820E-01   0.177636E+04   0.275622E+06   0.276862E+06   0.275622E+06  -0.658432E-02   0.145744E+06   0.145729E+06   0.100765E-01
   0.511316E+00   0.272627E+06   0.271279E+06  -0.249219E-01  -0.254142E-01   0.171466E+04   0.271195E+06   0.272415E+06   0.271195E+06  -0.647856E-02   0.143404E+06   0.143389E+06   0.979439E-02
   0.516704E+00   0.268295E+06   0.266971E+06  -0.240172E-01  -0.244915E-01   0.165570E+04   0.266886E+06   0.268087E+06   0.266886E+06  -0.637563E-02   0.141125E+06   0.141111E+06   0.952345E-02
   0.522093E+00   0.264062E+06   0.262761E+06  -0.231529E-01  -0.236102E-01   0.159923E+04   0.262676E+06   0.263858E+06   0.262676E+06  -0.627505E-02   0.138899E+06   0.138884E+06   0.926580E-02
   0.527481E+00   0.259917E+06   0.258637E+06  -0.223263E-01  -0.227673E-01   0.154507E+04   0.258552E+06   0.259716E+06   0.258552E+06  -0.617654E-02   0.136718E+06   0.136704E+06   0.902224E-02
   0.532869E+00   0.255856E+06   0.254596E+06  -0.215354E-01  -0.219607E-01   0.149311E+04   0.254513E+06   0.255659E+06   0.254513E+06  -0.608005E-02   0.134583E+06   0.134569E+06   0.879221E-02
   0.538257E+00   0.251881E+06   0.250639E+06  -0.207784E-01  -0.211888E-01   0.144327E+04   0.250558E+06   0.251686E+06   0.250558E+06  -0.598556E-02   0.132491E+06   0.132477E+06   0.857399E-02
   0.543645E+00   0.247989E+06   0.246766E+06  -0.200539E-01  -0.204500E-01   0.139543E+04   0.246686E+06   0.247797E+06   0.246686E+06  -0.589307E-02   0.130444E+06   0.130430E+06   0.836521E-02
   0.549034E+00   0.244184E+06   0.242978E+06  -0.193606E-01  -0.197430E-01   0.134955E+04   0.242901E+06   0.243994E+06   0.242901E+06  -0.580264E-02   0.128442E+06   0.128429E+06   0.816350E-02
   0.554422E+00   0.240471E+06   0.239282E+06  -0.186974E-01  -0.190667E-01   0.130557E+04   0.239207E+06   0.240284E+06   0.239207E+06  -0.571441E-02   0.126489E+06   0.126476E+06   0.796702E-02
   0.559810E+00   0.236856E+06   0.235684E+06  -0.180636E-01  -0.184203E-01   0.126344E+04   0.235611E+06   0.236672E+06   0.235611E+06  -0.562850E-02   0.124588E+06   0.124575E+06   0.777467E-02
   0.565198E+00   0.233339E+06   0.232184E+06  -0.174577E-01  -0.178025E-01   0.122308E+04   0.232112E+06   0.233157E+06   0.232112E+06  -0.554491E-02   0.122738E+06   0.122725E+06   0.758610E-02
   0.570586E+00   0.229913E+06   0.228776E+06  -0.168781E-01  -0.172114E-01   0.118439E+04   0.228704E+06   0.229734E+06   0.228704E+06  -0.546350E-02   0.120936E+06   0.120923E+06   0.740154E-02
   0.575975E+00   0.226571E+06   0.225451E+06  -0.163230E-01  -0.166454E-01   0.114727E+04   0.225380E+06   0.226395E+06   0.225380E+06  -0.538409E-02   0.119178E+06   0.119165E+06   0.722167E-02
   0.581363E+00   0.223308E+06   0.222206E+06  -0.157912E-01  -0.161031E-01   0.111162E+04   0.222135E+06   0.223135E+06   0.222135E+06  -0.530656E-02   0.117462E+06   0.117449E+06   0.704733E-02
   0.586751E+00   0.220122E+06   0.219035E+06  -0.152813E-01  -0.155831E-01   0.107737E+04   0.218965E+06   0.219951E+06   0.218965E+06  -0.523083E-02   0.115785E+06   0.115773E+06   0.687921E-02
   0.592139E+00   0.217005E+06   0.215934E+06  -0.147920E-01  -0.150842E-01   0.104444E+04   0.215864E+06   0.216837E+06   0.215864E+06  -0.515676E-02   0.114146E+06   0.114134E+06   0.671765E-02
   0.597527E+00   0.213951E+06   0.212896E+06  -0.143220E-01  -0.146049E-01   0.101275E+04   0.212826E+06   0.213785E+06   0.212826E+06  -0.508419E-02   0.112540E+06   0.112528E+06   0.656255E-02
   0.602916E+00   0.210956E+06   0.209916E+06  -0.138703E-01  -0.141443E-01   0.982228E+03   0.209847E+06   0.210793E+06   0.209847E+06  -0.501303E-02   0.110964E+06   0.110953E+06   0.641349E-02
   0.608304E+00   0.208022E+06   0.206996E+06  -0.134362E-01  -0.137016E-01   0.952836E+03   0.206929E+06   0.207861E+06   0.206929E+06  -0.494330E-02   0.109421E+06   0.109410E+06   0.626986E-02
   0.613692E+00   0.205151E+06   0.204139E+06  -0.130191E-01  -0.132763E-01   0.924545E+03   0.204072E+06   0.204992E+06   0.204072E+06  -0.487508E-02   0.107911E+06   0.107900E+06   0.613098E-02
   0.619080E+00   0.202343E+06   0.201344E+06  -0.126184E-01  -0.128676E-01   0.897314E+03   0.201279E+06   0.202186E+06   0.201279E+06  -0.480834E-02   0.106434E+06   0.106423E+06   0.599616E-02
   0.624468E+00   0.199595E+06   0.198610E+06  -0.122332E-01  -0.124748E-01   0.871090E+03   0.198546E+06   0.199441E+06   0.198546E+06  -0.474305E-02   0.104988E+06   0.104977E+06   0.586485E-02
   0.629856E+00   0.196907E+06   0.195934E+06  -0.118628E-01  -0.120971E-01   0.845835E+03   0.195871E+06   0.196754E+06   0.195871E+06  -0.467916E-02   0.103574E+06   0.103563E+06   0.573675E-02
   0.681274E+00   0.173944E+06   0.173086E+06  -0.895741E-02  -0.913432E-02   0.646057E+03   0.173029E+06   0.173809E+06   0.173029E+06  -0.413348E-02   0.914956E+05   0.914860E+05   0.468109E-02
   0.736889E+00   0.153525E+06   0.152767E+06  -0.675763E-02  -0.689109E-02   0.492552E+03   0.152716E+06   0.153406E+06   0.152716E+06  -0.364823E-02   0.807546E+05   0.807462E+05   0.381849E-02
   0.797043E+00   0.135398E+06   0.134730E+06  -0.509415E-02  -0.519476E-02   0.374888E+03   0.134685E+06   0.135293E+06   0.134685E+06  -0.321747E-02   0.712197E+05   0.712123E+05   0.311279E-02
   0.862109E+00   0.119322E+06   0.118734E+06  -0.383730E-02  -0.391309E-02   0.284876E+03   0.118694E+06   0.119230E+06   0.118694E+06  -0.283547E-02   0.627641E+05   0.627575E+05   0.253549E-02
   0.932485E+00   0.105080E+06   0.104561E+06  -0.288845E-02  -0.294550E-02   0.216146E+03   0.104526E+06   0.104998E+06   0.104526E+06  -0.249702E-02   0.552723E+05   0.552665E+05   0.206372E-02
   0.100861E+01   0.924742E+05   0.920180E+05  -0.217275E-02  -0.221566E-02   0.163764E+03   0.919868E+05   0.924025E+05   0.919868E+05  -0.219747E-02   0.486417E+05   0.486367E+05   0.167857E-02
   0.109094E+01   0.813262E+05   0.809251E+05  -0.163328E-02  -0.166554E-02   0.123907E+03   0.808975E+05   0.812632E+05   0.808975E+05  -0.193256E-02   0.427778E+05   0.427734E+05   0.136435E-02
   0.118000E+01   0.714756E+05   0.711231E+05  -0.122696E-02  -0.125119E-02   0.936292E+02   0.710988E+05   0.714203E+05   0.710988E+05  -0.169847E-02   0.375964E+05   0.375925E+05   0.110821E-02
   0.127633E+01   0.627804E+05   0.624709E+05  -0.921169E-03  -0.939361E-03   0.706655E+02   0.624494E+05   0.627318E+05   0.624494E+05  -0.149185E-02   0.330227E+05   0.330193E+05   0.899589E-03
   0.138052E+01   0.551094E+05   0.548377E+05  -0.691165E-03  -0.704815E-03   0.532721E+02   0.548188E+05   0.550667E+05   0.548188E+05  -0.130956E-02   0.289877E+05   0.289847E+05   0.729770E-03
   0.149322E+01   0.483480E+05   0.481096E+05  -0.518293E-03  -0.528529E-03   0.401165E+02   0.480930E+05   0.483105E+05   0.480930E+05  -0.114889E-02   0.254312E+05   0.254285E+05   0.591644E-03
   0.161511E+01   0.423925E+05   0.421835E+05  -0.388443E-03  -0.396114E-03   0.301791E+02   0.421689E+05   0.423597E+05   0.421689E+05  -0.100737E-02   0.222986E+05   0.222962E+05   0.479368E-03
   0.174696E+01   0.371509E+05   0.369678E+05  -0.290970E-03  -0.296716E-03   0.226817E+02   0.369549E+05   0.371221E+05   0.369549E+05  -0.882814E-03   0.195415E+05   0.195394E+05   0.388168E-03
   0.188957E+01   0.325402E+05   0.323798E+05  -0.217841E-03  -0.222143E-03   0.170315E+02   0.323685E+05   0.325150E+05   0.323685E+05  -0.773250E-03   0.171162E+05   0.171144E+05   0.314129E-03
   0.193472E+01   0.312654E+05   0.311113E+05  -0.199653E-03  -0.203596E-03   0.156223E+02   0.311005E+05   0.312412E+05   0.311005E+05  -0.742957E-03   0.164457E+05   0.164440E+05   0.294715E-03
   0.240388E+01   0.216052E+05   0.214987E+05  -0.893675E-04  -0.911324E-04   0.703658E+01   0.214912E+05   0.215885E+05   0.214912E+05  -0.513402E-03   0.113644E+05   0.113632E+05   0.163511E-03
   0.298681E+01   0.148783E+05   0.148050E+05  -0.398643E-04  -0.406516E-04   0.315251E+01   0.147998E+05   0.148668E+05   0.147998E+05  -0.353551E-03   0.782601E+04   0.782520E+04   0.902980E-04
   0.371111E+01   0.102136E+05   0.101633E+05  -0.177264E-04  -0.180765E-04   0.140599E+01   0.101597E+05   0.102057E+05   0.101597E+05  -0.242706E-03   0.537240E+04   0.537185E+04   0.496172E-04
   0.461105E+01   0.699132E+04   0.695690E+04  -0.785975E-05  -0.801497E-05   0.624657E+00   0.695443E+04   0.698591E+04   0.695443E+04  -0.166134E-03   0.367745E+04   0.367708E+04   0.271060E-04
   0.572921E+01   0.477299E+04   0.474950E+04  -0.347575E-05  -0.354439E-05   0.276609E+00   0.474780E+04   0.476930E+04   0.474780E+04  -0.113420E-03   0.251060E+04   0.251035E+04   0.147010E-04
   0.711853E+01   0.325065E+04   0.323466E+04  -0.153333E-05  -0.156361E-05   0.122135E+00   0.323349E+04   0.324813E+04   0.323349E+04  -0.772448E-04   0.170985E+04   0.170968E+04   0.789568E-05
   0.884476E+01   0.220891E+04   0.219805E+04  -0.674917E-06  -0.688246E-06   0.537912E-01   0.219725E+04   0.220720E+04   0.219725E+04  -0.524901E-04   0.116189E+04   0.116178E+04   0.418144E-05
   0.109896E+02   0.149792E+04   0.149057E+04  -0.296461E-06  -0.302316E-06   0.236372E-01   0.149002E+04   0.149677E+04   0.149002E+04  -0.355950E-04   0.787910E+03   0.787838E+03   0.216708E-05
   0.136545E+02   0.101384E+04   0.100887E+04  -0.129972E-06  -0.132539E-06   0.103654E-01   0.100849E+04   0.101306E+04   0.100849E+04  -0.240918E-04   0.533281E+03   0.533236E+03   0.108382E-05
   0.169657E+02   0.684972E+03   0.681625E+03  -0.568798E-07  -0.580032E-07   0.453711E-02   0.681361E+03   0.684446E+03   0.681361E+03  -0.162770E-04   0.360297E+03   0.360271E+03   0.508245E-06
   0.210799E+02   0.462012E+03   0.459765E+03  -0.248506E-07  -0.253415E-07   0.198250E-02   0.459578E+03   0.461659E+03   0.459578E+03  -0.109788E-04   0.243020E+03   0.243007E+03   0.207981E-06
   0.261917E+02   0.311137E+03   0.309634E+03  -0.108400E-07  -0.110541E-07   0.864855E-03   0.309500E+03   0.310901E+03   0.309500E+03  -0.739363E-05   0.163660E+03   0.163655E+03   0.559254E-07
   0.325432E+02   0.209220E+03   0.208220E+03  -0.472132E-08  -0.481459E-08   0.376723E-03   0.208120E+03   0.209063E+03   0.208120E+03  -0.497178E-05   0.110051E+03   0.110052E+03  -0.171546E-07
   0.404348E+02   0.140485E+03   0.139824E+03  -0.205334E-08  -0.209391E-08   0.163863E-03   0.139748E+03   0.140381E+03   0.139748E+03  -0.333844E-05   0.738957E+02   0.739016E+02  -0.487915E-07
   0.502402E+02   0.941977E+02   0.937662E+02  -0.891706E-09  -0.909328E-09   0.711717E-04   0.937057E+02   0.941299E+02   0.937057E+02  -0.223853E-05   0.495487E+02   0.495576E+02  -0.592033E-07
   0.624233E+02   0.630712E+02   0.627941E+02  -0.386661E-09  -0.394305E-09   0.308705E-04   0.627436E+02   0.630277E+02   0.627436E+02  -0.149888E-05   0.331761E+02   0.331872E+02  -0.591849E-07
   0.775608E+02   0.421668E+02   0.419936E+02  -0.167393E-09  -0.170705E-09   0.133691E-04   0.419496E+02   0.421396E+02   0.419496E+02  -0.100213E-05   0.221803E+02   0.221930E+02  -0.544236E-07
   0.963691E+02   0.281444E+02   0.280414E+02  -0.723359E-10  -0.737680E-10   0.578085E-05   0.280014E+02   0.281282E+02   0.280014E+02  -0.668925E-06   0.148046E+02   0.148184E+02  -0.478529E-07
   0.119738E+03   0.187492E+02   0.186935E+02  -0.311906E-10  -0.318089E-10   0.249464E-05   0.186559E+02   0.187404E+02   0.186559E+02  -0.445671E-06   0.986267E+01   0.987736E+01  -0.409329E-07
   0.148775E+03   0.124611E+02   0.124375E+02  -0.134123E-10  -0.136787E-10   0.107416E-05   0.124013E+02   0.124574E+02   0.124013E+02  -0.296253E-06   0.655518E+01   0.657050E+01  -0.343443E-07
   0.184852E+03   0.825741E+01   0.825551E+01  -0.574690E-11  -0.586142E-11   0.461174E-06   0.821989E+01   0.825711E+01   0.821989E+01  -0.196365E-06   0.434407E+01   0.435979E+01  -0.283640E-07
   0.229678E+03   0.545079E+01   0.546380E+01  -0.245077E-11  -0.249984E-11   0.197289E-06   0.542826E+01   0.545284E+01   0.542826E+01  -0.129675E-06   0.286786E+01   0.288374E+01  -0.230698E-07
   0.285375E+03   0.358031E+01   0.360371E+01  -0.103860E-11  -0.105954E-11   0.839860E-07   0.356783E+01   0.358399E+01   0.356783E+01  -0.852318E-07   0.188409E+01   0.189987E+01  -0.184524E-07
   0.354578E+03   0.233734E+01   0.236831E+01  -0.436632E-12  -0.445526E-12   0.355548E-07   0.233165E+01   0.234221E+01   0.233165E+01  -0.557007E-07   0.123044E+01   0.124583E+01  -0.144799E-07
   0.440562E+03   0.151555E+01   0.155259E+01  -0.181833E-12  -0.185593E-12   0.149581E-07   0.151451E+01   0.152137E+01   0.151451E+01  -0.361801E-07   0.798415E+00   0.813118E+00  -0.111320E-07
   0.547397E+03   0.976844E+00   0.101957E+01  -0.749873E-13  -0.765724E-13   0.626524E-08   0.979123E+00   0.983556E+00   0.979123E+00  -0.233902E-07   0.515398E+00   0.529195E+00  -0.840747E-08
   0.680140E+03   0.628036E+00   0.676831E+00  -0.306721E-13  -0.313418E-13   0.262106E-08   0.632836E+00   0.635701E+00   0.632836E+00  -0.151178E-07   0.332373E+00   0.345199E+00  -0.629053E-08
   0.845072E+03   0.404990E+00   0.459984E+00  -0.124715E-13  -0.127573E-13   0.110490E-08   0.411765E+00   0.413629E+00   0.411765E+00  -0.983662E-08   0.215538E+00   0.227421E+00  -0.469042E-08
   0.105000E+04   0.263002E+00   0.323164E+00  -0.503542E-14  -0.515926E-14   0.470814E-09   0.271225E+00   0.272453E+00   0.271225E+00  -0.647927E-08   0.141269E+00   0.152117E+00  -0.344633E-08
